一步训练模型：十折交叉验证第一次 第二次【解析类：SRLParseAddNULL_101HasPruning】
训练时间：338513
Precision: 0.7702127659574468
Recall: 0.7434961204929256
F-Measure: 0.7566186716209939

Precision: 0.7832558139534884
Recall: 0.742177170559718
F-Measure: 0.762163385381308